calibration_status:
  intrinsic: false
  extrinsic: false
old_intrinsic:
- [599.251389813333, 0.0, 676.2605144389727]
- [0.0, 599.2322198591323, 381.43595163769004]
- [0.0, 0.0, 1.0]
distortion: [0.007465620477594074, 0.01953947715553619, -0.010871692718693723, 0.0016234163379632157]
intrinsic:
- [510.9355636393717, 0.0, 717.0271757734218]
- [0.0, 510.91921889404284, 374.54587989350165]
- [0.0, 0.0, 1.0]
extrinsic_pose:
  p: [0.0, 0.0, 0.0]
  q: [1.0, 0.0, 0.0, 0.0]
