calibration_status:
  intrinsic: false
  extrinsic: false
old_intrinsic:
- [597.9508652498912, 0.0, 642.1530373805793]
- [0.0, 599.0753118428839, 409.9242743621762]
- [0.0, 0.0, 1.0]
distortion: [0.011807535678137386, 0.03282223074989489, -0.04336217507695368, 0.0174412295455563]
intrinsic:
- [513.2982825599734, 0.0, 644.5755606192671]
- [0.0, 514.2635399725074, 413.56175063656514]
- [0.0, 0.0, 1.0]
extrinsic_pose:
  p: [0.0, 0.0, 0.0]
  q: [1.0, 0.0, 0.0, 0.0]
