calibration_status:
  intrinsic: true
  extrinsic: true
old_intrinsic:
- [603.7127556752176, 0.0, 636.2705023068286]
- [0.0, 603.8363534959537, 393.4976017931339]
- [0.0, 0.0, 1.0]
distortion: [0.007890281598548694, 0.02499504575234905, -0.021761674650542438, 0.006162805897453099]
intrinsic:
- [517.4818617744534, 0.0, 632.2078296395938]
- [0.0, 517.5878055859507, 391.164307644227]
- [0.0, 0.0, 1.0]
extrinsic_pose:
  p: [0.2934039533138275, 0.08873329311609268, 0.041368093341588974]
  q: [0.2673186659812927, 0.398290753364563, 0.5843353271484375, 0.6545665860176086]
