calibration_status:
  intrinsic: true
  extrinsic: true
old_intrinsic:
- [599.8074398102165, 0.0, 601.0507144133373]
- [0.0, 600.1284033387826, 368.44490935808614]
- [0.0, 0.0, 1.0]
distortion: [0.005929121603825406, 0.033196660555067634, -0.032244248806703325, 0.01045150401303598]
intrinsic:
- [511.3597566160182, 0.0, 556.8526046414001]
- [0.0, 511.63339082085923, 356.7369953554945]
- [0.0, 0.0, 1.0]
extrinsic_pose:
  p: [0.293476460249755, 0.08890065151719179, -0.04754608896681832]
  q: [0.4013658410976316, 0.2649874813170603, 0.6536996474551768, 0.5842635113860597]
