calibration_status:
  intrinsic: false
  extrinsic: false
old_intrinsic:
- [602.9111123152992, 0.0, 389.48619840960606]
- [0.0, 602.8702403205447, 652.581075006009]
- [0.0, 0.0, 1.0]
distortion: [0.0009521770252814888, 0.04253179035224859, -0.03535718268427174, 0.008598806373245498]
intrinsic:
- [515.8347882432367, 0.0, 385.6870911127632]
- [0.0, 515.7998192464335, 666.6379678371496]
- [0.0, 0.0, 1.0]
extrinsic_pose:
  p: [0.0, 0.0, 0.0]
  q: [1.0, 0.0, 0.0, 0.0]
