calibration_status:
  intrinsic: false
  extrinsic: false
old_intrinsic:
- [602.5570344088059, 0.0, 403.23427431821614]
- [0.0, 602.4385307383193, 655.502272554447]
- [0.0, 0.0, 1.0]
distortion: [0.0019640159178039244, 0.042823071886923504, -0.03228217236930752, 0.006626466335726785]
intrinsic:
- [515.8366141054288, 0.0, 404.38887082471933]
- [0.0, 515.7351655642084, 672.5002496549419]
- [0.0, 0.0, 1.0]
extrinsic_pose:
  p: [0.0, 0.0, 0.0]
  q: [1.0, 0.0, 0.0, 0.0]
