calibration_status:
  intrinsic: true
  extrinsic: true
old_intrinsic:
- [599.5382274436774, 0.0, 678.0154083245014]
- [0.0, 599.4338795532011, 396.5856404888259]
- [0.0, 0.0, 1.0]
distortion: [0.007754053703322027, 0.02099923412673171, -0.015763260056418756, 0.003633604394822007]
intrinsic:
- [511.36252641929707, 0.0, 721.5466649940862]
- [0.0, 511.2735252539702, 395.3092458059034]
- [0.0, 0.0, 1.0]
extrinsic_pose:
  p: [0.002479191869497299, 0.10242541879415512, -0.10829722136259079]
  q: [-0.1742078959941864, 0.6870426535606384, 0.6807787418365479, 0.1848360300064087]
