calibration_status:
  intrinsic: true
  extrinsic: true
old_intrinsic:
- [600.6597474142626, 0.0, 601.9311088346632]
- [0.0, 600.5744607418947, 403.01053681884406]
- [0.0, 0.0, 1.0]
distortion: [0.005791031509991766, 0.028211301082469564, -0.025762113455787918, 0.00810011625150187]
intrinsic:
- [512.5575059479338, 0.0, 558.8955512990332]
- [0.0, 512.4847287653979, 404.1292883942074]
- [0.0, 0.0, 1.0]
extrinsic_pose:
  p: [0.002479191869497299, 0.10242541879415512, -0.10829722136259079]
  q: [-0.1742078959941864, 0.6870426535606384, 0.6807787418365479, 0.1848360300064087]
