calibration_status:
  intrinsic: true
  extrinsic: true
old_intrinsic:
- [1002.1911982480686, 0.0, 640.4138680024604]
- [0.0, 1002.4235483339294, 404.45042172081]
- [0.0, 0.0, 1.0]
distortion: [-0.39420806749816356, 0.22533180471322048, -1.311760148873546e-05, 0.00020432669853118605, -0.08719847280334363]
intrinsic:
- [828.8685549459133, 0.0, 641.3543297652706]
- [0.0, 937.5706174294162, 405.14675414301024]
- [0.0, 0.0, 1.0]
extrinsic_pose:
  p: [0.041408544326440165, 0.10195045205375892, -0.10847763274599277]
  q: [-0.18410836106433134, 0.6843004704640566, 0.683862151367072, 0.17369394933734963]
