calibration_status:
  intrinsic: true
  extrinsic: true
old_intrinsic:
- [1002.5977654138958, 0.0, 639.3059463884615]
- [0.0, 1002.7148995687627, 395.1786425221964]
- [0.0, 0.0, 1.0]
distortion: [-0.39192266346335375, 0.21526133882171142, -6.648066576554773e-05, -0.00011224493083903306, -0.07614518229171827]
intrinsic:
- [829.5290990759494, 0.0, 638.9318509373]
- [0.0, 938.0581905380587, 394.5223387743095]
- [0.0, 0.0, 1.0]
extrinsic_pose:
  p: [-0.03644884861444298, 0.10264578504995786, -0.10812615101049802]
  q: [-0.1857919272965093, 0.6844224292027232, 0.6829316554293348, 0.17507628271344616]
