calibration_status:
  intrinsic: true
  extrinsic: true
old_intrinsic:
- [1002.0469006039083, 0.0, 641.8860810868761]
- [0.0, 1002.2343992523861, 373.9634271938719]
- [0.0, 0.0, 1.0]
distortion: [-0.38987573045320845, 0.21131792180150086, 1.706180994467061e-05, -0.00015602649189686612, -0.07405876322205035]
intrinsic:
- [828.9626864789965, 0.0, 642.5564811707228]
- [0.0, 936.9421332857628, 370.3650857694915]
- [0.0, 0.0, 1.0]
extrinsic_pose:
  p: [0.04138609465844414, 0.1012219543427347, -0.108504936831925]
  q: [-0.17332949603663503, 0.6861862683093036, 0.6809194325883252, 0.18829251021128626]
