calibration_status:
  intrinsic: false
  extrinsic: false
old_intrinsic:
- [599.781090785705, 0.0, 624.7315812814942]
- [0.0, 600.8496987131589, 405.5237206331202]
- [0.0, 0.0, 1.0]
distortion: [-0.0003468215349125837, 0.04665514219847148, -0.04987546453543156, 0.01980714108534667]
intrinsic:
- [513.0420986732935, 0.0, 608.0337887029914]
- [0.0, 513.956166926165, 407.5491603469843]
- [0.0, 0.0, 1.0]
extrinsic_pose:
  p: [0.0, 0.0, 0.0]
  q: [1.0, 0.0, 0.0, 0.0]
