calibration_status:
  intrinsic: false
  extrinsic: false
old_intrinsic:
- [597.7133975641973, 0.0, 596.0101156255765]
- [0.0, 602.8545350140482, 375.41669296382713]
- [0.0, 0.0, 1.0]
distortion: [-0.013591553223025497, 0.11144661851053267, -0.12391649256915709, 0.0453651425677619]
intrinsic:
- [515.1343868666902, 0.0, 546.130748291607]
- [0.0, 519.5652339897746, 366.3997699030147]
- [0.0, 0.0, 1.0]
extrinsic_pose:
  p: [0.0, 0.0, 0.0]
  q: [1.0, 0.0, 0.0, 0.0]
