calibration_status:
  intrinsic: true
  extrinsic: true
old_intrinsic:
- [1001.7847656370164, 0.0, 637.3023195282516]
- [0.0, 1001.9954808466518, 424.8096682316832]
- [0.0, 0.0, 1.0]
distortion: [-0.391462440058602, 0.21778534068892003, 1.4799232138992567e-05, 0.0001510770118798317, -0.08141614994179484]
intrinsic:
- [828.3614487533052, 0.0, 636.6930914508107]
- [0.0, 936.5608146604062, 428.39904111915035]
- [0.0, 0.0, 1.0]
extrinsic_pose:
  p: [-0.03653665780913275, 0.1016697591565989, -0.10906075454523999]
  q: [-0.1713302434655454, 0.6894381323101939, 0.679055421153771, 0.18494538783966666]
