calibration_status:
  intrinsic: true
  extrinsic: true
old_intrinsic:
- [1006.323181752507, 0.0, 660.9448963885972]
- [0.0, 1006.2976666014414, 390.0266776377853]
- [0.0, 0.0, 1.0]
distortion: [-0.39100557881824, 0.21263363913035035, 0.000716351976457426, 8.643367205264273e-05, -0.0733023071081557]
intrinsic:
- [833.3596331990891, 0.0, 670.5909889274144]
- [0.0, 941.7677499296971, 389.1355988295521]
- [0.0, 0.0, 1.0]
extrinsic_pose:
  p: [-0.0372654551498901, 0.10307031944024647, 0.10781888184561042]
  q: [0.6851669664941966, -0.17696174900259745, 0.18407819573517456, 0.6821626742907668]
