calibration_status:
  intrinsic: true
  extrinsic: true
old_intrinsic:
- [1006.2424423226676, 0.0, 618.2117905586559]
- [0.0, 1006.3585201123836, 410.25754396756605]
- [0.0, 0.0, 1.0]
distortion: [-0.39011594110034997, 0.21093637550556313, -0.0008372464249018544, -5.244171225191959e-05, -0.07266935344174136]
intrinsic:
- [833.3786053898687, 0.0, 608.6947983430265]
- [0.0, 941.9468969626927, 411.2521088455694]
- [0.0, 0.0, 1.0]
extrinsic_pose:
  p: [0.04066488639354299, 0.10294050706029115, 0.10708458217593571]
  q: [0.6865348967955445, -0.17913726620123244, 0.18541309001337897, 0.6798540950820866]
