calibration_status:
  intrinsic: true
  extrinsic: true
old_intrinsic:
- [599.4313023775928, 0.0, 614.603410240393]
- [0.0, 599.5487540642522, 398.1999424830485]
- [0.0, 0.0, 1.0]
distortion: [0.006174538308909407, 0.029599737455172134, -0.026260743020000053, 0.008045995853290406]
intrinsic:
- [512.0557927225519, 0.0, 586.163760575654]
- [0.0, 512.1561241805196, 397.53782991945747]
- [0.0, 0.0, 1.0]
extrinsic_pose:
  p: [0.001693680533207953, 0.10406121611595154, 0.10701587796211243]
  q: [0.6853174430214521, -0.18211370976842753, 0.17997646616387292, 0.6817499538582794]
