calibration_status:
  intrinsic: true
  extrinsic: true
old_intrinsic:
- [1004.1569135733355, 0.0, 672.3452061842221]
- [0.0, 1004.4218618996792, 410.44253423156056]
- [0.0, 0.0, 1.0]
distortion: [-0.3927183126500514, 0.21594194110639064, -0.00016847867607929848, -0.00024918105133729846, -0.07625803662122592]
intrinsic:
- [829.0299057009161, 0.0, 686.3520151031317]
- [0.0, 939.1888499853513, 411.892388286965]
- [0.0, 0.0, 1.0]
extrinsic_pose:
  p: [-0.03704605815048944, 0.10442123597011473, 0.10676182069386389]
  q: [0.6866241298493503, -0.18091825328366404, 0.18099180313308666, 0.6804834945537327]
