calibration_status:
  intrinsic: false
  extrinsic: false
old_intrinsic:
- [604.9656101060787, 0.0, 612.0868873516314]
- [0.0, 606.9396720452589, 398.4768967560271]
- [0.0, 0.0, 1.0]
distortion: [0.004000244814828114, 0.028478658614936293, -0.01789178240673739, 0.0022022637200782543]
intrinsic:
- [519.9842399377457, 0.0, 581.1569288373452]
- [0.0, 521.680999356607, 397.92926998579884]
- [0.0, 0.0, 1.0]
extrinsic_pose:
  p: [0.0, 0.0, 0.0]
  q: [1.0, 0.0, 0.0, 0.0]
