calibration_status:
  intrinsic: true
  extrinsic: true
old_intrinsic:
- [598.7192378316366, 0.0, 666.4361518180124]
- [0.0, 598.7362948082126, 400.61056618177895]
- [0.0, 0.0, 1.0]
distortion: [0.007350899115328235, 0.02464906818422377, -0.019411631598208058, 0.00484535584648375]
intrinsic:
- [511.07780365995706, 0.0, 696.4331018757788]
- [0.0, 511.0923638103159, 400.83649619007224]
- [0.0, 0.0, 1.0]
extrinsic_pose:
  p: [0.001693680533207953, 0.10406121611595154, 0.10701587796211243]
  q: [0.6853174430214521, -0.18211370976842753, 0.17997646616387292, 0.6817499538582794]
