calibration_status:
  intrinsic: false
  extrinsic: false
old_intrinsic:
- [600.0026925231025, 0.0, 662.910464872112]
- [0.0, 599.2358684811825, 414.78067228686245]
- [0.0, 0.0, 1.0]
distortion: [0.0003890240632979389, 0.05799709066835545, -0.06457598156736966, 0.023610939187781593]
intrinsic:
- [511.9066526296477, 0.0, 688.3537865601542]
- [0.0, 511.2524183514572, 420.19160967353514]
- [0.0, 0.0, 1.0]
extrinsic_pose:
  p: [0.0, 0.0, 0.0]
  q: [1.0, 0.0, 0.0, 0.0]
