calibration_status:
  intrinsic: true
  extrinsic: true
old_intrinsic:
- [1003.696916833745, 0.0, 606.7595541892308]
- [0.0, 1003.9783263830058, 390.0624855722097]
- [0.0, 0.0, 1.0]
distortion: [-0.39339128829215697, 0.2185987937091885, 1.4700762144306699e-05, 0.0002960225198138255, -0.0791359859233859]
intrinsic:
- [828.3977800106379, 0.0, 592.8401838003016]
- [0.0, 938.6888402545026, 388.7287660060045]
- [0.0, 0.0, 1.0]
extrinsic_pose:
  p: [0.04035124018060351, 0.10357719982728522, 0.10703689404605014]
  q: [0.6836622237396079, -0.18115170717394957, 0.18260048249410823, 0.6829692637462051]
