{
    "cameras": [
        {
            "name": "chest_left_camera",
            "mount": "link_torso_2",
            "extrinsics": [
                [
                    -0.5398103801688379,
                    0.11551498219464662,
                    0.8338231176225719,
                    0.2934039533138275
                ],
                [
                    0.8154264484752716,
                    -0.1741858794929172,
                    0.5520316546378723,
                    0.08873329311609268
                ],
                [
                    0.2090081570663216,
                    0.9779138660862685,
                    -0.0001665975387652452,
                    0.041368093341588974
                ],
                [
                    0.0,
                    0.0,
                    0.0,
                    1.0
                ]
            ],
            "intrinsics": [
                [
                    511.2779309216709,
                    0.0,
                    584.260907962427
                ],
                [
                    0.0,
                    511.47729633736566,
                    440.78183667624575
                ],
                [
                    0.0,
                    0.0,
                    1.0
                ]
            ],
            "width": 1280,
            "height": 800
        },
        {
            "name": "chest_right_camera",
            "mount": "link_torso_2",
            "extrinsics": [
                [
                    -0.5409730239639714,
                    -0.11825555343003913,
                    0.8326846709398694,
                    0.2931499481201172
                ],
                [
                    0.8135965072338749,
                    0.17726981999940783,
                    0.5537473318473118,
                    0.08867579698562622
                ],
                [
                    -0.21309354882802722,
                    0.9770317334632139,
                    0.0003141368702710423,
                    -0.04520643502473831
                ],
                [
                    0.0,
                    0.0,
                    0.0,
                    1.0
                ]
            ],
            "intrinsics": [
                [
                    514.4437177349402,
                    0.0,
                    659.7145628766907
                ],
                [
                    0.0,
                    514.5074356410612,
                    448.8430601475589
                ],
                [
                    0.0,
                    0.0,
                    1.0
                ]
            ],
            "width": 1280,
            "height": 800
        },
        {
            "name": "left_hand_left_camera",
            "mount": "left-link_arm_7",
            "extrinsics": [
                [
                    0.012144014016023164,
                    0.9999210884981089,
                    -0.003198976885229854,
                    0.039880454540252686
                ],
                [
                    0.8660449992240906,
                    -0.00891874103536594,
                    0.4998863939583629,
                    0.10247476398944855
                ],
                [
                    0.49981844303236755,
                    -0.008841058901950305,
                    -0.866084960600574,
                    -0.10863234847784042
                ],
                [
                    0.0,
                    0.0,
                    0.0,
                    1.0
                ]
            ],
            "intrinsics": [
                [
                    832.005377680425,
                    0.0,
                    568.2064740560835
                ],
                [
                    0.0,
                    943.7972728028842,
                    390.6485832578962
                ],
                [
                    0.0,
                    0.0,
                    1.0
                ]
            ],
            "width": 1280,
            "height": 800
        },
        {
            "name": "left_hand_right_camera",
            "mount": "left-link_arm_7",
            "extrinsics": [
                [
                    0.010445267040022355,
                    0.999936574856982,
                    -0.004206951171864759,
                    -0.03723772242665291
                ],
                [
                    0.8680262446017859,
                    -0.006978545002408243,
                    0.49646922723562703,
                    0.10481853038072586
                ],
                [
                    0.49640839120364966,
                    -0.008837486786832827,
                    -0.8680440798081932,
                    -0.10808838158845901
                ],
                [
                    0.0,
                    0.0,
                    0.0,
                    1.0
                ]
            ],
            "intrinsics": [
                [
                    831.9624972159774,
                    0.0,
                    614.845439254928
                ],
                [
                    0.0,
                    940.4219905480792,
                    404.24491250631104
                ],
                [
                    0.0,
                    0.0,
                    1.0
                ]
            ],
            "width": 1280,
            "height": 800
        },
        {
            "name": "left_hand_center_camera",
            "mount": "left-link_arm_7",
            "extrinsics": [
                [
                    0.004751893349833836,
                    0.9998478583407788,
                    0.016786408552604826,
                    0.002479191869497299
                ],
                [
                    0.8710482747754398,
                    -0.012383931600346898,
                    0.4910413901777737,
                    0.10242541879415512
                ],
                [
                    0.49117453756426244,
                    0.012288369637527552,
                    -0.870974606296393,
                    -0.10829722136259079
                ],
                [
                    0.0,
                    0.0,
                    0.0,
                    1.0
                ]
            ],
            "intrinsics": [
                [
                    513.8714664221233,
                    0.0,
                    617.143388061324
                ],
                [
                    0.0,
                    514.2143905554549,
                    376.1973420167261
                ],
                [
                    0.0,
                    0.0,
                    1.0
                ]
            ],
            "width": 1280,
            "height": 800
        },
        {
            "name": "right_hand_left_camera",
            "mount": "right-link_arm_7",
            "extrinsics": [
                [
                    0.007759806839323868,
                    -0.9998732811124467,
                    -0.013901712042452274,
                    -0.03950119763612747
                ],
                [
                    0.8687314878317909,
                    -0.00014412006558517376,
                    0.4952833857132344,
                    0.10459314286708832
                ],
                [
                    -0.4952226145177985,
                    -0.015920170584253768,
                    0.8686202374587912,
                    0.1072535589337349
                ],
                [
                    0.0,
                    0.0,
                    0.0,
                    1.0
                ]
            ],
            "intrinsics": [
                [
                    834.0160178787513,
                    0.0,
                    642.3823510666803
                ],
                [
                    0.0,
                    942.1948189629508,
                    380.7138937401075
                ],
                [
                    0.0,
                    0.0,
                    1.0
                ]
            ],
            "width": 1280,
            "height": 800
        },
        {
            "name": "right_hand_right_camera",
            "mount": "right-link_arm_7",
            "extrinsics": [
                [
                    0.012614327031421624,
                    -0.9999048666213639,
                    -0.0055852621995029494,
                    0.03694864735007286
                ],
                [
                    0.8689678200942126,
                    0.008198628482766424,
                    0.49480073674922664,
                    0.10389114171266556
                ],
                [
                    -0.49470785832411934,
                    -0.01109500580341205,
                    0.8689885174997016,
                    0.10776098817586899
                ],
                [
                    0.0,
                    0.0,
                    0.0,
                    1.0
                ]
            ],
            "intrinsics": [
                [
                    834.2589762447851,
                    0.0,
                    631.6484809948695
                ],
                [
                    0.0,
                    942.1927151403553,
                    397.22862075381744
                ],
                [
                    0.0,
                    0.0,
                    1.0
                ]
            ],
            "width": 1280,
            "height": 800
        },
        {
            "name": "right_hand_center_camera",
            "mount": "right-link_arm_7",
            "extrinsics": [
                [
                    0.005650810876083323,
                    -0.9999826429461671,
                    -0.001630036537052959,
                    0.001693680533207953
                ],
                [
                    0.8688778976864291,
                    0.004103060843174244,
                    0.4950093317153108,
                    0.10406121611595154
                ],
                [
                    -0.4949940829189021,
                    -0.004213475955287649,
                    0.8688861191185877,
                    0.10701587796211243
                ],
                [
                    0.0,
                    0.0,
                    0.0,
                    1.0
                ]
            ],
            "intrinsics": [
                [
                    514.1495617500029,
                    0.0,
                    668.4156865180349
                ],
                [
                    0.0,
                    514.1940403802365,
                    399.90065553970555
                ],
                [
                    0.0,
                    0.0,
                    1.0
                ]
            ],
            "width": 1280,
            "height": 800
        }
    ]
}
